             precision    recall  f1-score   support

          0       0.27      0.18      0.22        22
          1       0.55      0.30      0.39        20
          2       0.91      0.88      0.89        24
          3       1.00      0.42      0.59        19
          4       1.00      0.53      0.70        15
          5       0.89      0.62      0.73        13
          6       0.78      0.82      0.80        17
          7       1.00      0.43      0.60        14
          8       1.00      0.17      0.29         6
          9       1.00      0.50      0.67        12
          A       0.87      0.96      0.91       161
          B       0.95      0.57      0.71        35
          C       0.60      0.83      0.70        59
          D       0.88      0.92      0.90        63
          E       0.67      0.86      0.76       135
          F       1.00      0.62      0.76        26
          G       0.79      0.59      0.68        44
          H       0.84      0.79      0.82        67
          I       0.42      0.85      0.56        93
          J       0.79      0.42      0.55        26
          K       0.85      0.79      0.81        28
          L       0.88      0.92      0.90        73
          M       0.73      0.87      0.80        38
          N       0.88      0.96      0.92       112
          O       0.58      0.86      0.69       125
          P       0.88      0.83      0.86        54
          Q       0.67      0.22      0.33         9
          R       0.80      0.92      0.86       105
          S       0.63      0.89      0.74       104
          T       0.72      0.86      0.79        96
          U       0.57      0.80      0.67        20
          V       0.74      0.69      0.71        29
          W       0.69      0.65      0.67        17
          X       0.77      0.71      0.74        24
          Y       0.78      0.61      0.68        23
          Z       0.50      0.53      0.51        17
          a       0.95      0.69      0.80        51
          b       1.00      0.21      0.35        14
          c       1.00      0.08      0.15        24
          d       1.00      0.67      0.80        12
          e       0.77      0.82      0.79        56
          f       1.00      0.40      0.57        10
          g       1.00      0.50      0.67         8
          h       0.86      0.46      0.60        13
          i       0.66      0.70      0.68        44
          j       1.00      0.09      0.17        11
          k       1.00      0.55      0.71        11
          l       0.00      0.00      0.00        15
          m       1.00      0.30      0.47        23
          n       0.72      0.65      0.68        40
          o       0.58      0.33      0.42        46
          p       1.00      0.08      0.14        13
          q       0.75      0.27      0.40        22
          r       0.69      0.74      0.71        27
          s       0.53      0.29      0.38        34
          t       0.77      0.71      0.74        24
          u       1.00      0.15      0.27        13
          v       0.33      0.11      0.17         9
          w       0.57      0.31      0.40        13
          x       0.00      0.00      0.00         9
          y       0.83      0.42      0.56        12
          z       0.00      0.00      0.00        13

avg / total       0.75      0.72      0.70      2312

Accuracy: 0.721885813148789